2000 2000
207 1965 1
499 863 1
1211 1443 0
391 652 1
743 1823 0
474 1564 1
171 1217 0
454 1433 1
81 1146 0
520 667 1
637 1406 1
685 1679 0
62 1286 1
204 1476 0
1218 1553 0
1336 1730 1
458 474 1
134 551 0
1331 1828 1
370 1745 0
294 1204 1
823 943 1
1577 1693 1
1200 1329 0
1738 1769 0
811 1011 0
1453 1535 1
740 1308 1
459 1523 0
1185 1402 0
750 895 0
649 1743 1
374 1557 1
102 1920 0
392 1866 1
787 1073 0
308 1067 1
713 1429 0
745 1168 1
1871 1878 1
120 437 0
45 1177 1
1042 1766 0
100 1998 1
174 1504 1
659 1789 1
297 1810 0
748 1218 1
280 1325 1
1410 1524 0
301 319 1
1212 1263 0
1105 1453 1
426 993 0
637 1894 0
714 1593 1
582 1971 0
805 976 0
689 1281 0
626 870 1
73 774 0
168 1576 1
229 398 0
400 1206 0
886 979 0
144 1906 1
213 1581 1
1014 1379 1
83 1803 0
679 1527 0
1061 1092 0
1246 1512 1
197 872 1
1512 1769 1
688 1886 0
326 1513 1
62 940 1
207 1158 1
345 1121 1
1292 1898 0
208 1270 0
636 709 0
900 1784 1
1406 1958 0
127 1005 1
677 1507 1
290 1933 1
329 469 0
1073 1803 0
316 1689 1
585 855 0
165 295 0
542 915 1
704 1879 0
1304 1849 1
1419 1798 0
343 1329 0
763 1424 1
454 1317 1
753 1413 0
182 903 0
631 1260 1
1213 1602 0
418 983 0
771 1408 0
474 674 1
245 267 1
426 1711 0
639 1009 0
842 1446 1
515 727 0
5 1812 1
1771 1963 0
778 1707 0
605 1913 1
553 1832 0
37 295 0
392 838 1
744 966 1
1059 1437 1
422 1108 1
1543 1831 1
582 1292 1
110 702 0
320 1679 0
494 839 0
324 401 0
7 75 1
667 1307 0
1056 1235 0
575 738 1
768 1557 0
408 1382 0
1012 1660 1
621 1575 1
960 1826 0
46 787 1
817 1607 0
388 1747 1
300 1645 0
23 95 1
168 1592 0
762 809 0
234 507 1
612 1802 1
1582 1983 1
94 449 1
229 1982 0
1176 1374 0
3 320 0
361 833 0
1759 1959 1
13 657 1
397 1469 0
285 1178 1
348 1480 0
1384 1767 1
1538 1802 0
497 1096 0
132 164 1
425 1545 1
187 624 1
875 1474 0
1560 1984 1
173 767 1
419 1415 1
1204 1687 0
1273 1437 1
230 1781 0
696 1292 0
498 1876 1
1338 1907 1
1506 1882 0
389 981 0
20 943 0
281 586 1
571 1023 0
772 1976 1
1111 1302 0
1598 1900 0
548 1882 1
1246 1714 0
812 1134 0
951 1182 1
4 1853 0
651 805 1
528 886 1
700 1655 0
922 1299 0
1278 1708 0
706 1276 0
1053 1926 1
48 709 1
135 1227 1
984 1108 1
1594 1892 1
63 940 1
749 1826 1
1147 1889 1
208 1044 1
222 513 0
1317 1837 0
731 1880 0
422 1284 0
965 1913 1
445 725 1
1224 1812 1
621 1181 0
253 877 1
1528 1560 1
374 1343 0
426 1267 0
1168 1927 1
1473 1661 1
226 764 0
429 459 0
1199 1432 1
1416 1789 1
326 630 1
652 679 1
332 673 0
516 1621 1
17 34 1
923 1223 0
809 1467 0
663 1254 1
418 863 1
1341 1978 0
236 699 0
69 1097 0
1304 1959 0
603 957 1
1291 1931 1
422 1476 1
1143 1750 0
44 962 0
1177 1990 0
578 1249 0
23 1650 0
1100 1812 0
1013 1781 1
262 1928 1
287 1875 0
1411 1488 1
484 1975 0
531 1344 1
511 711 1
1139 1869 1
643 1861 1
1357 1917 1
1003 1676 0
702 1222 0
335 1007 0
693 1502 1
121 223 0
148 208 1
606 647 1
104 464 1
251 1897 1
922 1380 1
1262 1266 0
916 1549 1
1551 1657 1
375 420 1
258 912 1
829 1902 0
162 667 1
1007 1991 1
16 647 0
432 487 0
1287 1519 0
1349 1815 1
984 1159 0
1842 1984 1
1199 1523 0
813 1833 0
760 859 0
1432 1831 0
878 1285 1
260 809 0
681 1214 1
762 1320 0
1910 2000 0
351 1790 1
997 1726 1
158 1457 0
1010 1216 1
946 1682 1
1497 1613 0
892 1110 0
709 1326 1
151 919 0
100 1736 1
508 1423 1
454 833 1
527 1219 0
133 731 1
1766 1795 0
1037 1517 1
929 1510 0
304 1773 0
546 626 0
374 934 1
160 839 1
1467 1558 1
26 1609 0
1098 1958 1
649 1897 1
100 148 0
502 1581 0
230 768 1
769 1012 0
448 686 0
680 1465 1
1699 1792 0
1063 1756 1
177 1510 0
467 988 1
1610 1886 0
1048 1153 0
126 465 0
327 922 1
1068 1630 1
775 1270 0
762 1651 1
847 1135 1
250 364 0
1381 1983 1
852 1512 0
725 1778 0
973 1308 1
513 1861 1
229 248 1
1178 1797 0
11 543 1
431 1113 1
442 1468 1
1185 1948 1
1157 1260 1
98 421 1
1161 1255 1
1153 1555 0
296 620 0
127 449 1
833 894 1
110 1970 1
1782 1848 0
93 537 0
746 1798 0
47 496 1
247 635 1
532 1181 1
336 1733 1
1682 1771 1
729 1710 0
94 1047 0
420 555 1
1461 1920 1
1224 1538 0
398 429 0
1214 1542 1
302 1867 1
142 402 1
949 1004 0
261 827 0
1148 1815 1
633 1747 1
159 1053 1
448 539 0
1159 1365 1
279 549 1
620 1554 0
174 1499 1
73 1796 0
1005 1285 1
373 1492 0
163 1175 1
578 1838 0
1721 1828 1
1272 1666 1
1321 1515 0
271 1220 1
907 1965 0
483 1600 1
530 868 1
1431 1910 1
1317 1587 1
141 1152 1
664 1714 0
798 1720 0
117 1972 1
720 848 1
291 356 1
756 1497 1
320 1289 1
459 472 0
315 814 0
1166 1402 1
138 506 0
28 211 1
672 696 0
829 1523 0
228 659 1
708 1957 1
497 720 1
787 1676 0
570 1209 1
279 1561 0
1091 1276 1
1216 1310 1
313 419 0
21 796 1
108 855 0
199 1709 0
28 412 0
232 1223 1
1229 1976 1
7 767 0
301 304 1
1598 1956 0
1200 1308 1
175 1555 0
2 893 1
874 1321 1
1321 1818 1
925 1637 1
96 204 0
1611 1854 1
174 1396 0
1195 1248 1
449 1179 0
489 1288 0
135 587 0
495 801 1
449 1176 0
1467 1520 1
566 1780 0
561 995 1
453 1928 0
90 671 0
1768 1892 1
1167 1975 1
1256 1377 0
347 1638 1
662 1203 1
1151 1883 0
255 528 1
209 1572 1
528 593 0
103 970 0
791 1815 1
902 1570 0
6 1119 0
1086 1832 1
86 1036 1
8 495 1
270 1973 1
1094 1516 0
647 712 0
1009 1378 1
1197 1307 0
1300 1677 1
533 1504 1
1699 1780 1
212 551 0
833 1763 1
282 934 0
1370 1525 0
893 1546 0
802 869 0
851 1376 1
417 1728 0
955 1617 1
127 364 0
1538 1745 1
915 1702 1
61 189 0
788 1231 1
1709 1878 1
1335 1569 1
41 481 1
921 923 1
180 1674 0
95 1868 1
956 1309 0
1615 1808 1
412 1183 1
451 1571 1
728 799 1
168 1940 1
640 666 0
751 1430 0
1153 1192 1
124 658 0
877 1084 0
367 1624 1
854 1810 1
1006 1073 0
544 1588 0
1098 1443 0
1084 1935 1
329 332 1
1338 1908 0
1683 1894 0
905 1050 1
497 1162 1
1278 1482 1
877 1918 1
936 1297 1
128 1719 1
268 675 0
202 1662 0
25 1746 0
204 840 0
1231 1580 0
1690 1745 0
201 1830 0
754 1514 0
719 1878 1
188 1851 1
179 743 0
720 1755 0
502 660 1
130 1121 1
1570 1576 0
249 1896 0
1200 1940 1
1347 1490 0
782 1828 1
1174 1175 0
18 1252 0
227 1305 1
557 1756 1
1013 1942 0
67 841 0
720 1279 1
288 1188 0
1099 1759 0
867 1965 0
348 1253 1
1097 1347 1
49 669 1
287 1650 1
68 253 1
132 1197 0
649 734 1
91 450 0
487 509 1
1098 1218 1
581 1166 0
1535 1955 0
383 1964 0
144 295 1
1622 1695 1
73 1201 0
1646 1896 0
348 1232 1
44 1116 1
4 56 1
387 600 1
596 1718 1
386 1737 1
75 854 1
353 1340 1
31 791 0
167 794 0
1226 1818 0
1088 1451 0
997 1724 1
212 1636 1
61 1921 0
45 1786 0
373 1348 1
283 1146 0
1730 1918 1
500 757 0
206 601 0
256 452 1
662 987 1
1189 1635 0
543 843 1
137 1989 1
841 1851 0
939 1795 1
1087 1417 0
326 559 0
80 940 0
423 727 1
1581 1727 1
286 1283 0
465 1480 0
348 822 0
25 1609 0
949 1505 1
318 1746 1
724 768 0
14 215 0
1334 1547 0
1194 1851 1
114 1867 1
160 1155 1
627 1385 1
356 380 0
841 1473 1
884 1155 0
922 1005 0
563 672 1
1280 1363 0
803 836 0
479 1431 1
1516 1848 1
510 1355 1
193 376 1
80 141 0
81 504 0
566 592 0
881 1618 0
1406 1581 0
978 1130 1
223 805 0
327 1905 1
135 1098 0
789 1111 1
471 564 0
28 1156 1
918 1434 0
209 1395 1
51 1450 0
519 1812 0
218 1367 0
45 1019 0
56 783 0
863 1274 0
384 1268 0
1168 1785 1
434 590 1
695 784 1
1203 1999 0
1754 1935 1
328 1191 1
1072 1792 1
457 604 1
1377 1656 0
5 846 1
1127 1978 1
1209 1662 1
371 1494 0
41 419 1
202 708 1
1208 1322 1
475 1300 0
421 1813 1
1574 1967 1
486 1325 1
128 1274 1
339 1817 0
235 1109 0
275 1160 1
1309 1477 0
582 635 1
405 1782 1
362 1127 1
866 1387 1
216 820 1
213 762 1
1204 1924 1
13 721 0
1207 1627 1
112 701 0
573 1319 0
1120 1863 1
214 1567 1
613 1457 1
801 944 0
315 1735 1
554 1877 1
276 820 1
442 1746 0
690 872 1
443 1952 1
386 1461 0
637 983 1
772 1725 1
1757 1969 0
33 942 0
160 1279 0
402 1858 1
1529 1631 0
839 1126 0
591 1847 1
732 1740 1
251 992 0
1337 1642 0
1662 1781 1
72 1268 0
449 873 0
160 219 1
79 1346 1
49 1229 1
1538 1566 1
663 1340 1
95 1537 1
594 1555 0
965 1118 0
1314 1502 0
247 899 1
976 1220 1
754 1191 1
1286 1740 0
219 950 1
377 1193 0
493 1353 1
1848 1932 1
987 1285 0
454 1952 0
696 822 1
809 1003 1
821 1599 1
349 1605 0
350 1142 0
690 1736 0
153 774 1
346 1750 0
1021 1370 1
117 1344 0
1526 1936 1
208 1942 1
536 1701 0
83 700 1
689 1340 1
107 679 1
946 1458 1
1180 1348 0
615 1071 1
1226 1863 0
492 1001 1
145 1871 0
142 1088 0
264 1591 1
1473 1885 0
333 1905 0
978 1264 1
278 1768 0
803 1321 1
221 610 0
966 1425 0
1593 1885 1
596 1490 1
323 1312 1
911 1249 1
52 133 1
24 1330 1
1411 1994 0
181 794 0
1536 1820 1
239 964 0
1269 1680 0
1383 1521 0
771 1147 0
393 1124 1
377 1697 1
197 1567 1
697 905 1
989 1244 1
1126 1486 0
501 805 0
255 1054 1
1418 1421 1
466 480 1
306 1350 0
157 439 1
397 1271 1
237 1107 0
77 572 1
804 1429 1
460 901 0
108 969 0
527 789 0
1574 1768 0
762 1213 0
455 981 1
1539 1695 0
337 1893 0
96 1984 0
1374 1891 1
718 1478 0
639 940 1
82 229 1
318 1040 0
1043 1714 0
735 1021 0
811 1981 1
1687 1816 0
1635 1835 0
538 1266 1
913 1313 1
1409 1753 1
1206 1574 1
202 1963 1
233 718 0
422 776 0
452 1009 0
904 1373 1
1143 1357 0
782 1223 1
657 1101 1
532 1436 1
396 434 0
530 1487 0
826 836 0
843 1624 1
1472 1547 1
64 986 1
1526 1822 1
805 1180 0
284 1468 1
436 1061 1
1197 1790 1
798 1573 1
556 1238 1
1426 1766 0
996 1429 1
532 1681 0
467 1523 0
508 1599 1
437 1934 0
457 1334 1
168 1943 1
123 1615 1
342 1745 1
1077 1083 0
1646 1861 1
1127 1687 0
460 1270 0
190 275 1
869 980 0
487 1931 0
72 351 1
1274 1729 1
943 1384 1
1194 1483 0
442 1774 0
968 1991 0
550 1974 1
350 1841 0
604 652 1
548 1896 0
278 1233 0
173 858 1
286 1182 0
175 1187 1
1498 1738 1
449 1754 0
663 1463 0
1122 1181 0
15 239 0
374 526 1
1280 1935 1
650 1107 1
609 1982 1
737 1963 1
552 921 0
453 1982 0
85 443 0
1294 1501 1
291 1333 0
322 859 0
390 1795 0
188 530 1
8 1955 1
582 938 1
281 1272 1
166 1395 0
400 748 1
384 1885 1
606 1831 1
647 1735 1
934 1772 1
684 1183 0
957 1303 1
915 1142 1
1406 1839 0
51 1540 1
1837 1840 0
693 1579 1
494 687 0
103 665 1
1376 1690 0
58 645 0
545 1907 1
1272 1861 1
1217 1376 0
199 1097 1
308 1746 0
689 1202 1
934 1796 1
1360 1416 0
974 1619 0
1210 1413 1
214 1070 0
245 723 0
89 219 0
650 1216 1
675 1987 0
1309 1735 1
886 1907 0
428 1158 0
852 1425 1
917 1002 0
739 1559 0
1379 1716 1
1424 1427 0
114 226 0
14 190 0
261 1671 0
540 1635 0
157 1328 1
1028 1820 1
1502 1778 1
806 1580 1
1015 1278 0
326 706 1
596 881 0
816 1722 0
1034 1092 1
1531 1863 1
122 1810 1
123 1516 1
14 1181 0
1111 1250 1
1474 1560 1
271 1531 0
634 983 0
90 792 1
115 365 1
1251 1468 0
365 1451 0
666 691 0
1634 1926 0
97 683 1
282 1119 0
48 863 0
1479 1580 1
1000 1484 1
802 1488 1
358 1409 1
45 1131 0
473 597 0
51 1465 1
1501 1992 1
433 959 0
1173 1665 1
79 1739 1
447 1850 0
450 1516 1
1008 1086 0
985 1014 1
73 293 0
1232 1593 1
1130 1456 0
1478 1710 1
469 703 1
153 737 0
1137 1940 1
82 596 0
1684 1914 1
477 524 0
1262 1685 0
496 704 0
499 1743 1
139 1812 0
1434 1754 1
370 1642 0
817 1007 0
529 979 0
1412 1877 1
95 908 1
26 1486 1
248 1301 0
596 941 0
287 1342 1
364 1735 0
582 1311 0
534 1904 0
1155 1489 0
892 912 0
536 649 0
503 1373 0
1267 1411 1
565 1666 1
759 1520 0
434 1032 1
1201 1837 0
1197 1811 0
987 1330 0
302 392 0
15 1407 0
84 867 1
380 403 1
74 732 1
398 1107 1
876 1373 1
1263 1369 1
1103 1137 0
1848 1983 0
534 1661 1
222 278 1
1039 1534 0
622 1598 0
213 663 1
1778 1786 1
1298 1361 1
1565 1568 1
1084 1094 1
51 1628 1
752 852 0
667 1864 0
1503 1726 0
1518 1916 1
325 1464 1
1165 1391 0
725 1590 0
179 1798 1
1160 1358 0
325 1253 1
517 1535 1
373 808 1
830 1956 1
914 1541 1
846 1582 0
257 815 1
136 1895 1
1360 1538 1
316 824 0
663 1001 1
937 1566 0
817 1139 0
604 610 1
675 1094 1
321 1721 1
337 1328 1
628 1337 1
290 882 1
736 1186 0
254 265 1
609 1436 0
1033 1114 0
1002 1597 1
851 1677 0
839 1127 0
242 924 1
1071 1438 1
1721 1936 1
1132 1549 1
876 972 1
1651 1685 1
795 1693 1
634 1699 1
536 620 1
432 1921 0
997 1093 0
98 799 1
1434 1945 1
1099 1896 1
71 772 1
1843 1906 0
130 620 0
233 1530 0
547 1708 1
880 1164 0
192 1198 1
1108 1919 1
888 1850 0
46 49 0
20 172 1
1547 1731 1
770 1609 0
815 916 0
605 741 0
559 863 1
1292 1818 0
224 568 0
768 1023 0
215 1299 0
344 605 0
1051 1406 1
204 1540 0
149 1946 0
307 1006 1
1079 1912 1
919 1539 1
1461 1908 1
661 1240 1
77 1718 1
301 1253 1
373 1605 1
927 1324 0
427 647 1
1901 1986 1
306 902 1
801 821 1
1770 1969 1
660 891 0
337 853 1
448 1141 1
541 1344 0
1232 1293 1
1077 1946 1
1086 1255 1
802 1569 0
239 450 0
974 1873 1
838 946 0
626 1595 1
821 1703 0
52 1272 1
155 1335 0
1824 1911 0
1191 1982 1
893 1327 1
149 163 1
1586 1756 1
336 794 1
76 775 0
1010 1129 1
287 912 0
672 1792 1
1361 1402 0
1834 1843 1
345 1551 0
553 1420 0
1518 1605 0
176 375 0
663 1977 0
629 1219 1
1265 1439 1
1475 1819 0
832 1405 0
196 1376 0
500 1105 1
560 1845 1
958 1920 1
1706 1842 1
961 1187 1
943 1586 0
219 1703 1
358 1602 1
747 1147 0
138 1970 0
528 557 1
313 1110 0
637 1726 1
191 1510 0
288 1635 0
738 1916 1
390 576 1
213 661 0
9 915 1
243 1720 1
461 1670 0
1473 1624 0
79 1298 1
681 1254 0
52 1985 1
36 1591 0
1071 1185 0
1122 1408 1
511 1287 0
13 246 0
419 1175 0
746 1779 0
793 962 1
470 1605 1
556 1061 1
654 937 0
418 1366 1
654 1902 0
623 1284 0
710 1284 0
718 1077 1
899 1905 1
270 1759 0
909 1165 0
1124 1743 0
1606 1814 1
766 1547 0
430 1568 0
333 691 0
430 1300 1
557 644 0
88 1011 0
120 1870 1
385 1903 0
106 1818 1
873 1370 1
199 1121 1
1080 1259 1
66 1778 0
181 869 0
347 407 0
1235 1407 0
181 1962 1
1291 1444 0
1292 1552 0
26 119 0
1618 1790 0
1551 1658 0
1481 1808 0
475 514 0
346 603 0
848 1260 1
201 1864 0
104 1608 0
475 763 0
1276 1554 0
424 1678 1
1196 1965 1
486 1719 1
440 1005 1
317 658 0
75 1625 1
178 1981 0
593 1485 0
128 1643 1
615 1958 0
1141 1430 1
114 690 1
196 1099 1
306 877 1
170 1774 0
135 919 0
917 1493 0
677 1423 1
1117 1150 0
17 1436 1
1409 1776 1
136 1068 0
530 579 1
64 1201 0
1030 1155 0
321 1636 1
732 1484 0
1285 1396 0
911 1905 0
590 1960 0
141 1804 1
1104 1937 1
209 1973 0
920 1974 0
748 1415 1
1015 1286 0
1277 1285 0
292 919 0
142 304 0
354 978 1
109 248 0
716 1948 1
24 770 1
342 696 0
373 1297 0
184 1877 1
1116 1749 0
810 1998 1
1246 1764 0
279 1251 0
344 545 0
3 1189 1
1764 1989 0
413 441 0
624 1480 0
1301 1452 1
453 1057 0
1755 1972 1
794 1825 0
748 1840 1
1275 1524 1
317 847 0
592 706 0
519 920 1
658 898 0
971 1307 0
1458 1714 1
341 1871 0
32 1933 1
996 1737 0
1326 1977 1
1359 1469 0
1239 1753 1
1533 1748 1
12 1501 1
799 1495 1
1102 1972 0
1305 1399 1
193 831 0
645 1464 0
1164 1509 0
880 1978 1
1150 1173 1
509 978 1
872 1491 0
882 1226 1
254 1580 0
46 62 1
103 1047 1
673 813 0
155 493 0
188 1703 0
437 879 0
642 1762 0
873 1199 1
1485 1745 1
717 1076 1
57 754 1
398 1061 1
552 620 0
1297 1869 1
515 1585 0
1708 1726 0
455 1662 1
326 469 1
390 1835 0
1110 1958 0
92 1875 1
1344 1482 0
685 1277 0
957 1816 1
409 513 1
161 1251 1
790 871 1
1235 1948 1
1225 1300 0
1485 1566 1
805 1893 1
239 1971 1
134 1200 0
603 1714 1
419 1305 0
472 1378 0
1516 1578 1
31 1016 0
381 1393 1
958 1891 1
702 1567 1
1286 1807 1
74 904 1
847 1044 0
124 978 0
714 1259 0
1892 1968 1
1451 1821 0
438 1879 0
1371 1753 0
49 591 0
1028 1478 1
95 713 1
1692 1911 1
870 1194 1
917 1998 0
1244 1723 1
962 1141 0
479 806 0
437 1032 1
173 1318 0
267 836 0
46 1568 0
1152 1445 0
336 1846 1
274 1890 1
619 1629 1
645 1460 0
1165 1842 0
335 366 1
499 1191 1
1062 1940 0
522 1000 0
1864 1968 1
517 1712 0
1089 1764 0
369 1358 1
1559 1820 0
1413 1903 0
40 1115 0
617 1710 1
283 1995 0
1200 1570 0
915 1632 1
272 629 1
879 1233 1
985 1278 0
795 1099 0
783 1326 1
994 1745 0
192 817 0
1153 1572 1
658 1251 1
348 652 0
1041 1586 0
1590 1971 1
1563 1724 0
427 1013 1
1795 1881 1
834 1334 0
884 1104 0
1867 1940 0
1334 1849 1
537 1291 1
343 1928 1
13 695 1
22 1743 1
1370 1414 0
627 1733 1
43 556 1
3 1185 0
173 344 0
1823 1929 0
1882 1969 1
904 960 0
437 812 0
1290 1736 0
1484 1798 1
459 1121 0
567 1174 0
566 1195 1
1378 1512 0
83 703 1
382 1637 0
647 1078 0
342 1117 0
235 702 0
146 487 0
111 577 0
647 899 1
276 1029 1
147 1016 1
275 1802 1
546 1466 1
1104 1420 0
132 1930 0
85 163 0
1492 1940 0
273 800 1
1741 1784 0
460 1628 0
777 1736 0
407 1509 1
979 1582 0
979 1126 0
1509 1670 1
1048 1355 0
719 1153 1
485 546 0
707 1044 0
826 928 0
891 1077 0
317 1720 0
1405 1512 0
952 1518 0
1036 1371 1
342 825 1
531 1172 0
1140 1216 0
55 365 1
1149 1876 0
948 1987 0
1178 1364 0
1028 1068 1
416 1001 0
1028 1380 0
1115 1285 0
154 1219 1
347 1861 1
222 472 0
33 1728 1
256 1857 0
1806 1869 0
267 1317 1
1438 1569 1
444 1442 0
1569 1767 1
66 1000 0
696 1425 0
620 1467 0
285 1141 1
1048 1585 0
755 1330 1
1613 1748 1
49 153 1
820 1868 1
168 483 1
27 987 1
1408 1990 1
1291 1949 0
144 1988 0
879 1134 1
184 937 0
1128 1612 0
432 1295 0
858 1261 1
740 968 1
747 1659 1
421 1038 1
236 1465 0
1005 1280 1
903 1416 0
826 1511 0
23 1123 1
59 1280 0
485 879 1
105 1906 0
498 1247 1
674 797 1
661 1689 0
1605 1942 0
627 911 1
96 902 0
808 1948 1
74 1726 0
1640 1858 0
921 1337 1
74 132 1
1211 1727 1
241 1949 0
1135 1182 0
1490 1572 1
962 1239 0
1201 1528 1
18 792 0
236 1263 1
709 1183 0
1222 1546 0
220 939 0
641 1497 0
265 1394 0
656 1200 0
1227 1966 0
745 1671 0
519 1080 1
1427 1471 0
1669 1933 1
1361 1991 0
344 1396 0
126 1771 0
1426 1543 0
320 840 0
72 1478 0
509 1420 0
985 1309 1
957 1701 0
504 884 1
593 1536 0
906 1797 1
67 784 0
57 1014 1
471 1713 0
621 1199 0
1579 1796 0
492 1060 0
416 561 1
687 1719 1
651 1053 0
1110 1877 1
21 1106 0
388 1844 0
1740 1866 0
690 1482 1
369 1939 1
1292 1963 1
1014 1511 0
1665 1690 1
512 895 0
729 980 0
487 1011 1
828 1114 0
440 1172 0
1044 1078 0
1776 1935 0
119 422 0
561 696 0
1529 1976 0
623 1793 1
686 1977 0
1895 1998 1
1006 1755 1
1081 1272 0
816 1170 1
679 1744 1
284 1141 0
461 1512 0
379 874 0
122 727 1
363 1634 0
609 666 0
1109 1167 1
390 1268 1
24 1770 1
785 1086 0
563 1504 0
6 1024 0
222 1590 1
410 853 0
1792 1945 0
1518 1963 1
869 1925 1
1150 1363 0
1484 1605 0
373 575 0
1767 1846 1
122 556 1
1489 1969 0
180 885 1
205 1285 0
352 913 1
1397 1721 1
381 1583 1
998 1890 0
956 1477 1
576 1274 1
913 1512 0
1616 1842 0
1357 1408 0
194 1475 1
743 1601 1
1356 1806 0
308 1605 0
413 1477 0
367 1326 0
260 976 1
1118 1556 1
1136 1309 1
912 1166 0
42 1395 1
594 1861 0
836 1901 1
672 1475 1
689 1754 1
473 1855 0
21 1651 1
843 1683 1
229 1871 0
739 1781 0
160 250 0
1036 1264 0
895 1627 1
1145 1609 0
483 1446 1
668 1283 0
1647 1893 1
140 1408 0
1434 1767 1
1256 1645 1
1071 1345 1
1130 1539 0
897 1963 0
1243 1491 0
1063 1699 0
390 1126 1
176 1417 0
338 866 0
1138 1798 0
778 1452 0
932 1570 1
386 812 1
516 1299 1
31 1569 0
153 264 1
37 1519 0
1493 1940 1
1114 1535 1
832 1987 0
529 1316 1
1273 1875 0
297 1229 0
244 305 1
226 741 0
870 1339 0
41 1968 0
937 1464 0
903 1023 1
1010 1974 0
313 1492 1
915 1942 1
167 1695 0
503 1086 1
382 1934 0
436 1876 1
44 1855 1
1061 1673 1
200 1866 1
665 1527 0
659 1187 0
1101 1665 0
928 1440 1
754 1841 0
260 1438 0
15 1268 0
1301 1349 0
1337 1987 1
267 985 0
71 1297 1
936 1575 0
7 1647 1
1264 1687 1
1419 1526 1
1036 1994 0
649 1292 0
267 317 0
839 1331 0
435 1100 0
476 1317 0
1673 1974 1
795 1115 1
1593 1797 1
567 1581 1
478 1030 0
1457 1668 0
1279 1656 1
150 678 1
648 1155 0
103 192 0
29 566 0
255 1785 1
745 1541 0
564 1875 0
83 862 1
1130 1720 0
806 1031 1
1026 1871 1
1300 1483 1
1785 1951 1
1260 1939 0
1309 1348 0
780 1471 1
813 849 1
74 1889 1
677 1320 0
837 1728 0
57 293 1
68 366 1
119 1498 1
1115 1738 1
1693 1793 1
1011 1398 0
296 1290 0
455 1296 0
362 1667 1
443 1002 1
179 1595 1
244 1626 0
729 1629 0
1170 1195 0
215 329 1
1945 1953 1
514 1873 1
1014 1156 1
1137 1222 0
178 718 1
523 761 1
395 784 0
490 1507 0
718 1252 0
408 1627 1
884 1997 1
137 869 1
1397 1602 0
725 859 1
1627 1638 1
703 1528 1
633 1950 1
979 1266 1
135 1157 0
23 1386 1
997 1676 1
180 828 1
1671 1702 1
1505 1702 1
1049 1068 0
28 972 1
649 828 0
1464 1574 0
942 1576 0
1078 1769 1
688 767 1
595 925 1
944 1858 0
524 1594 1
1621 1730 1
591 1101 1
1650 1904 0
595 1466 1
536 1433 1
487 1542 1
1642 1826 0
790 1016 1
93 1778 0
1055 1795 0
384 1892 1
125 1182 1
751 1295 1
789 1729 0
171 737 1
589 1046 1
96 1378 1
1465 1535 0
114 1361 1
347 1394 0
1065 1820 0
370 887 0
215 392 0
152 1306 0
506 1766 1
555 1129 0
526 1044 0
129 726 0
656 1137 0
119 759 0
974 1706 0
1548 1772 0
1054 1857 1
971 1832 1
709 1727 0
110 1536 1
230 1913 1
318 404 0
1742 1992 1
729 1384 0
561 1057 0
480 671 0
1590 1677 1
984 1697 0
212 1491 1
796 1273 1
829 1716 1
1359 1403 0
1488 1814 1
1029 1289 0
243 1418 1
344 1559 0
414 1261 0
508 513 1
1924 1938 1
449 671 0
367 905 1
1120 1286 0
694 1291 1
1316 1432 1
1279 1445 0
1126 1421 1
434 1897 1
22 1259 0
866 1409 1
343 1006 1
1097 1616 1
418 792 0
525 1545 1
409 1581 1
1243 1621 1
6 1570 0
1313 1509 0
101 938 1
1049 1236 1
173 264 1
81 1938 0
872 1871 0
33 270 1
1516 1885 0
576 717 0
663 1111 1
1512 1923 0
662 1604 0
134 1079 1
251 1942 1
1466 1877 1
593 1206 0
984 1642 1
903 1471 0
179 1268 1
629 1457 1
217 1486 0
549 1413 1
985 998 0
95 1813 0
366 1342 1
931 1148 1
1166 1753 1
1114 1454 1
282 1922 1
1105 1617 0
1333 1892 0
69 1607 1
1510 1770 0
146 1969 1
697 861 0
617 1683 1
1226 1474 0
1017 1377 0
97 560 0
656 1110 1
1159 1322 0
306 1673 0
684 1031 1
114 1561 1
895 1098 0
80 888 0
225 451 0
24 1135 0
180 829 0
308 1142 1
1116 1531 0
1106 1310 0
1144 1692 1
1551 1877 0
1253 1703 1
55 1144 1
1297 1891 1
73 1945 1
1474 1548 1
311 648 1
252 1275 1
406 1889 1
373 1377 1
985 1836 1
201 1171 1
50 1902 1
1193 1705 0
419 814 0
537 1823 0
403 1511 0
1817 1934 0
34 1162 0
234 1002 0
673 1556 1
178 571 1
1297 1893 1
893 985 1
264 1831 0
718 1834 0
1515 1590 1
425 1539 1
501 1623 1
1098 1809 1
1887 1963 0
272 1645 0
211 620 1
461 1191 0
210 1512 1
953 1351 0
468 1915 0
361 1606 0
155 423 0
11 681 0
1154 1219 1
475 611 0
5 122 1
73 1533 0
1212 1276 0
864 1420 0
106 604 0
361 1195 0
1225 1925 0
355 1434 0
794 887 1
790 1605 1
379 1239 0
26 1423 1
844 1021 1
1058 1642 0
556 1561 1
289 1314 0
218 1685 1
377 1469 1
1941 1990 0
930 1290 1
475 1146 1
1000 1107 0
1033 1542 1
1273 1841 1
1372 1679 0
687 915 0
595 1918 1
1097 1204 0
46 1330 1
560 1289 1
214 357 1
685 851 1
8 1506 0
1173 1216 0
213 1296 0
1045 1389 1
140 1086 0
588 1591 1
486 953 1
913 1557 0
134 864 0
829 1971 1
1590 1802 0
503 1237 0
537 1140 1
1681 1816 0
6 597 1
160 1935 1
